     0/199     1.51G   0.08811   0.02896   0.03578    0.1528        41       640    0.3333  0.004274   0.04484  0.009413   0.06099   0.01872    0.0313
     1/199     1.81G    0.0568   0.02359   0.02688    0.1073        46       640    0.1793    0.5065    0.2367   0.09326   0.04714   0.01323   0.03041
     2/199     1.81G   0.04699   0.01739   0.02593   0.09031        37       640    0.2008    0.4524    0.3335    0.1603     0.043   0.01232   0.02767
     3/199     1.81G   0.04173   0.01554   0.02433    0.0816        37       640    0.2197    0.5541    0.3809    0.1846   0.04208   0.01002   0.02837
     4/199     1.81G   0.03805    0.0141   0.02425   0.07641        38       640    0.2272    0.6023    0.3619     0.206   0.03782  0.009687   0.02744
     5/199     1.81G    0.0364   0.01383   0.02424   0.07447        40       640    0.2428     0.499    0.3854     0.201   0.04179  0.009761   0.02721
     6/199     1.81G   0.03567   0.01334   0.02306   0.07207        43       640    0.3552    0.7262    0.4723    0.2726    0.0385  0.008383   0.02444
     7/199     1.81G   0.03514   0.01305   0.02292   0.07111        42       640    0.2933    0.5701    0.3795    0.1586   0.04316  0.008711   0.02669
     8/199     1.81G   0.04015   0.01349   0.02166    0.0753        34       640    0.3213    0.7065    0.4573    0.2258    0.0404  0.009289   0.02516
     9/199     1.81G    0.0373   0.01271    0.0208   0.07081        35       640    0.3265    0.7249    0.4927    0.2666   0.03737  0.008992   0.02091
    10/199     1.81G   0.03677   0.01274   0.02006   0.06956        41       640    0.3631    0.5978    0.4477    0.2381   0.04021  0.009289   0.02177
    11/199     1.81G   0.03444   0.01279   0.01977   0.06699        49       640    0.4334    0.5482    0.5229    0.2894    0.0366  0.008998   0.02549
    12/199     1.81G    0.0352   0.01268   0.02101    0.0689        40       640    0.4435    0.5901    0.5059    0.2859   0.03958  0.008553   0.02486
    13/199     1.81G   0.03306   0.01249    0.0204   0.06594        39       640    0.2503    0.5418     0.371    0.1758   0.04311    0.0112   0.02422
    14/199     1.81G    0.0342   0.01267   0.01986   0.06673        38       640    0.2117    0.1305    0.1867   0.06579   0.05651   0.01519    0.0288
    15/199     1.81G   0.03349   0.01285   0.02043   0.06677        30       640    0.3716    0.5998     0.453    0.2733   0.03623  0.008536   0.02926
    16/199     1.81G   0.03332   0.01282   0.02072   0.06687        29       640    0.2823    0.6802    0.4532    0.2613   0.03457  0.009815   0.02333
    17/199     1.81G   0.03211   0.01289   0.02003   0.06503        41       640    0.3578    0.6605     0.486    0.2519    0.0368   0.01091   0.02703
    18/199     1.81G   0.03144   0.01252   0.01967   0.06364        37       640    0.3536     0.419     0.395    0.1909    0.0412   0.01016    0.0252
    19/199     1.81G   0.03061   0.01228   0.01882   0.06171        34       640    0.1853    0.4271    0.3436    0.1893   0.04258   0.01015     0.034
    20/199     1.81G   0.03088   0.01255   0.01926   0.06268        39       640    0.3357    0.5827    0.4473    0.2651   0.03421  0.009013   0.02832
    21/199     1.81G   0.03061   0.01237   0.01822    0.0612        37       640     0.544    0.1778    0.2096   0.09738   0.05806   0.01316   0.03307
    22/199     1.81G   0.02984   0.01201    0.0184   0.06025        44       640    0.3542    0.5105    0.4361    0.2148   0.04107  0.008964   0.02927
    23/199     1.81G   0.02918   0.01183   0.01835   0.05936        31       640    0.3054    0.4138    0.3439    0.1972   0.04178    0.0119   0.03052
    24/199     1.81G   0.02827   0.01181   0.01764   0.05772        32       640    0.3334    0.4367    0.3836    0.1991   0.04271   0.01134   0.02416
    25/199     1.81G   0.02864   0.01164   0.01762   0.05791        43       640    0.2222    0.1866    0.1434    0.0748   0.06253   0.01345   0.02902
    26/199     1.81G    0.0285   0.01181   0.01737   0.05768        34       640    0.3676    0.3638    0.3375    0.1654   0.04283   0.01075   0.02949
    27/199     1.81G   0.02861   0.01168   0.01815   0.05844        43       640    0.3327    0.5221    0.4442    0.2578   0.03583   0.01009   0.02484
    28/199     1.81G   0.02772   0.01156   0.01747   0.05675        44       640     0.293    0.1396     0.103   0.05171   0.06649   0.01427   0.04154
    29/199     1.81G   0.02804   0.01181   0.01771   0.05755        41       640    0.3309     0.658    0.5214    0.3023    0.0335    0.0102   0.02314
    30/199     1.81G   0.02709   0.01169   0.01735   0.05613        42       640    0.4818    0.4102     0.417    0.2508    0.0385   0.01136   0.02711
    31/199     1.81G   0.02711   0.01149   0.01799   0.05659        33       640    0.3189    0.6956    0.5731    0.3385   0.03215  0.008555   0.01929
    32/199     1.81G   0.02742   0.01146   0.01721   0.05609        39       640    0.4606    0.7099    0.5691    0.3404   0.03212  0.007956   0.02349
    33/199     1.81G   0.02735   0.01152   0.01693    0.0558        46       640    0.4912     0.378    0.4088    0.2398   0.03669  0.009187   0.03065
    34/199     1.81G   0.02733   0.01164   0.01658   0.05555        42       640    0.3388    0.6712    0.5717    0.3465   0.03175  0.009533   0.02156
    35/199     1.81G    0.0268   0.01161    0.0175   0.05591        31       640    0.3558    0.6607    0.4798    0.2778   0.03404  0.009314   0.02229
    36/199     1.81G   0.02695   0.01117   0.01543   0.05355        35       640     0.405    0.7474    0.6362    0.3761   0.03095  0.008047   0.02366
    37/199     1.81G   0.02728   0.01149   0.01703    0.0558        38       640    0.3495    0.6526    0.5435    0.3115   0.03046   0.00895   0.02144
    38/199     1.81G   0.02738    0.0115   0.01518   0.05405        44       640     0.308    0.6908    0.5332    0.3011   0.03461  0.008904   0.02337
    39/199     1.81G   0.02698   0.01123   0.01518   0.05339        40       640     0.376    0.7093    0.6147    0.3748   0.03024  0.007843   0.02208
    40/199     1.81G   0.02561   0.01108   0.01654   0.05323        36       640    0.3565    0.6705    0.5289    0.3229    0.0355  0.008626   0.02496
    41/199     1.81G   0.02627   0.01107   0.01524   0.05258        40       640    0.3668    0.6751    0.5523    0.3373   0.03004  0.007731   0.02796
    42/199     1.81G   0.02613    0.0111    0.0151   0.05233        42       640    0.4093     0.727    0.6409    0.3972    0.0275  0.007852   0.01917
    43/199     1.81G    0.0262   0.01105   0.01555    0.0528        36       640    0.3997     0.769    0.6158    0.3867    0.0284   0.00748   0.02173
    44/199     1.81G    0.0263   0.01107   0.01669   0.05407        42       640    0.3144    0.5875    0.4407    0.2311   0.03785   0.01117   0.02425
    45/199     1.81G   0.02549   0.01115   0.01518   0.05183        36       640    0.3679    0.5473    0.4298    0.2633   0.03296  0.008538   0.03853
    46/199     1.81G   0.02564     0.011   0.01518   0.05181        42       640    0.4065    0.7026    0.6005    0.3759   0.02979  0.007047   0.02337
    47/199     1.81G   0.02579    0.0107   0.01479   0.05128        40       640    0.3574    0.6546    0.4837    0.2822   0.03266  0.009023   0.02916
    48/199     1.81G   0.02525   0.01113   0.01396   0.05034        33       640    0.4277    0.7432    0.6214    0.3686   0.03151  0.008025    0.0271
    49/199     1.81G   0.02579   0.01089   0.01467   0.05134        46       640     0.532    0.6917     0.657    0.3766   0.02978  0.007488   0.02278
    50/199     1.81G   0.02644   0.01076   0.01553   0.05273        45       640    0.3768    0.7579    0.5687    0.3493   0.03054  0.008048   0.03079
    51/199     1.81G   0.02547   0.01092   0.01324   0.04963        45       640    0.4493    0.6111    0.5161    0.3122   0.03256  0.009132   0.02788
    52/199     1.81G   0.02561   0.01109   0.01369   0.05038        39       640    0.4374    0.7398     0.616    0.3718   0.02891  0.008408   0.02159
    53/199     1.81G   0.02431   0.01047   0.01449   0.04927        38       640    0.3689    0.7244    0.5822    0.3463   0.03053  0.008631   0.02124
    54/199     1.81G    0.0249   0.01086   0.01356   0.04932        39       640     0.377    0.6133    0.4537    0.2436   0.03734  0.009764   0.02959
    55/199     1.81G   0.02491   0.01091   0.01366   0.04949        32       640    0.4392    0.7664    0.6561    0.3895   0.02969  0.008212   0.01968
    56/199     1.81G   0.02516   0.01057   0.01394   0.04967        25       640    0.3866    0.6645    0.4883    0.2839   0.03353  0.009125   0.02464
    57/199     1.81G   0.02496   0.01072   0.01351    0.0492        35       640    0.3681    0.7897    0.6051    0.3608   0.02999  0.008051   0.02565
    58/199     1.81G   0.02437   0.01056    0.0132   0.04814        39       640    0.3975    0.7662    0.6279    0.3785   0.03184  0.007584   0.02799
    59/199     1.81G   0.02393   0.01051   0.01292   0.04736        47       640    0.4735    0.7509    0.6683     0.433   0.02992  0.007569   0.01901
    60/199     1.81G   0.02397   0.01062   0.01222   0.04681        37       640    0.4081     0.721     0.582    0.3657   0.03255   0.00829   0.02452
    61/199     1.81G    0.0239   0.01064   0.01412   0.04866        40       640    0.3805     0.417    0.3397    0.1931    0.0399   0.01156   0.02175
    62/199     1.81G    0.0245   0.01048    0.0119   0.04687        40       640    0.4128     0.749      0.62    0.3926   0.02933  0.007768   0.02171
    63/199     1.81G   0.02501   0.01053   0.01294   0.04848        44       640    0.3945    0.6049    0.4923     0.299   0.03356  0.008731   0.02424
    64/199     1.81G   0.02509   0.01065   0.01309   0.04883        38       640    0.4084    0.7595     0.592    0.3666   0.02997  0.007811   0.02512
    65/199     1.81G   0.02369   0.01045   0.01179   0.04593        38       640     0.431    0.6509    0.5556    0.3438   0.02989  0.007582   0.02534
    66/199     1.81G   0.02405   0.01055   0.01343   0.04803        34       640     0.383    0.7876    0.6633     0.422   0.02813  0.008433   0.01691
    67/199     1.81G    0.0236   0.01047    0.0118   0.04588        38       640    0.4024    0.7071    0.5836    0.3818   0.03022  0.008473   0.02029
    68/199     1.81G   0.02336   0.01024   0.01231    0.0459        38       640    0.4109     0.731    0.5954    0.3645    0.0317  0.008729   0.02426
    69/199     1.81G   0.02316   0.01054   0.01142   0.04513        38       640    0.4165    0.7643    0.6706    0.4305   0.02742  0.007473   0.02123
    70/199     1.81G     0.024    0.0102   0.01154   0.04574        43       640    0.4249    0.7918    0.6805     0.421   0.02765  0.007484   0.01974
    71/199     1.81G   0.02329   0.01014   0.01089   0.04431        36       640    0.4434    0.6848    0.6529    0.3969   0.02963  0.007627   0.01979
    72/199     1.81G   0.02337   0.01019    0.0108   0.04436        38       640    0.4951    0.6987    0.6366    0.3899   0.03176  0.008115   0.02137
    73/199     1.81G   0.02363   0.01031   0.01192   0.04586        36       640    0.4165    0.6934    0.6086    0.3832   0.03067  0.008401   0.01884
    74/199     1.81G   0.02352   0.01029   0.01134   0.04515        45       640    0.5007    0.7182    0.6461    0.3864   0.02743  0.007668   0.01818
    75/199     1.81G   0.02357   0.01055   0.01179   0.04591        39       640    0.4186    0.7182    0.6243    0.4018   0.03026  0.008021   0.02101
    76/199     1.81G   0.02349   0.01065   0.01097   0.04511        46       640    0.3487    0.7122    0.5814    0.3435   0.03086  0.008265   0.02227
    77/199     1.81G   0.02317   0.01032   0.01153   0.04502        37       640    0.4866    0.7765    0.6644    0.4082   0.03079  0.007878   0.01994
    78/199     1.81G   0.02333   0.01042   0.01148   0.04524        36       640    0.5237    0.7871    0.6889     0.411    0.0289  0.007651   0.01996
    79/199     1.81G   0.02275   0.01049   0.01085   0.04409        40       640    0.3973    0.7409    0.5923    0.3655   0.02885  0.008044   0.02766
    80/199     1.81G    0.0227    0.0104   0.01058   0.04368        45       640    0.5037    0.7886    0.6762    0.4387    0.0297   0.00787   0.02504
    81/199     1.81G   0.02274   0.01009   0.01021   0.04304        31       640    0.4869     0.806    0.6893     0.452   0.02818  0.007364   0.02377
    82/199     1.81G   0.02265   0.01019  0.009331   0.04217        41       640    0.4994    0.8588    0.7297    0.4331   0.02928  0.007678   0.02347
    83/199     1.81G   0.02268  0.009982  0.009924   0.04259        34       640    0.4605     0.769    0.6453    0.3917   0.03199  0.008022   0.03399
    84/199     1.81G   0.02242    0.0104  0.009848   0.04266        39       640    0.4876    0.7435    0.6349    0.4096   0.02958  0.007289   0.02311
    85/199     1.81G   0.02276   0.01014  0.009636   0.04253        37       640    0.4852    0.7015    0.6133    0.3811   0.02935  0.007676   0.03267
    86/199     1.82G   0.02238   0.01047   0.01089   0.04374        46       640    0.4094    0.6061    0.5717    0.3495   0.02886  0.007744   0.02332
    87/199     1.82G   0.02269   0.01008   0.01025   0.04302        41       640    0.4958    0.7907    0.6664    0.4229   0.02736  0.007135   0.01883
    88/199     1.82G   0.02239   0.01004  0.009359   0.04179        32       640    0.4576    0.6685    0.5837    0.3674   0.02842  0.007453   0.02576
    89/199     1.82G   0.02179  0.009723  0.009168   0.04068        40       640    0.4388    0.7905    0.6479    0.4052   0.02808  0.007507   0.01691
    90/199     1.82G   0.02149  0.009891  0.009509   0.04089        37       640    0.4479    0.7255    0.6528    0.4269   0.02914  0.007867   0.01798
    91/199     1.82G   0.02222  0.009833   0.01005    0.0421        36       640    0.4224     0.736    0.6172    0.4005   0.02708  0.007487   0.03122
    92/199     1.82G   0.02137  0.009705    0.0087   0.03977        36       640    0.4012    0.7233    0.6081    0.3687   0.03013  0.008449    0.0273
    93/199     1.82G   0.02155      0.01  0.009425   0.04097        49       640    0.4807    0.8272    0.6966    0.4337   0.02698    0.0079   0.02661
    94/199     1.82G   0.02191  0.009954   0.00888   0.04074        36       640    0.4038    0.6965    0.6203    0.4023   0.02734  0.008156   0.02497
    95/199     1.82G   0.02135  0.009898  0.008563   0.03981        40       640    0.4876    0.6914    0.6267    0.4023   0.03299  0.007505   0.01861
    96/199     1.82G   0.02096  0.009719  0.008265   0.03894        39       640    0.4741    0.7074    0.5869    0.3765   0.02951  0.007864   0.02565
    97/199     1.82G   0.02126  0.009662  0.008433   0.03935        44       640    0.4606    0.7131    0.6297    0.4037   0.02693  0.007317    0.0195
    98/199     1.82G   0.02155  0.009558  0.007883   0.03899        34       640    0.4958    0.6933    0.6184    0.4012   0.02686  0.007308   0.01889
    99/199     1.82G   0.02092  0.009598  0.008118   0.03864        32       640    0.5266    0.7939    0.7147    0.4579   0.02754  0.007345   0.02066
   100/199     1.82G   0.02124  0.009778  0.007522   0.03854        33       640    0.5016    0.7888     0.709    0.4634   0.02737  0.007212   0.01846
   101/199     1.82G   0.02068  0.009409    0.0075   0.03759        32       640    0.4892    0.7711    0.7033     0.447   0.02633  0.007496   0.01711
   102/199     1.82G   0.02148  0.009712  0.008747   0.03994        44       640    0.5588    0.7219    0.6968    0.4677   0.02691  0.007695   0.01811
   103/199     1.82G     0.021  0.009719   0.00822   0.03894        47       640    0.5443    0.7366    0.6531    0.4019    0.0284  0.007618    0.0221
   104/199     1.82G   0.02033  0.009521  0.008604   0.03846        34       640    0.5348    0.7383     0.679    0.4531   0.02744  0.007668   0.01787
   105/199     1.82G   0.02035  0.009529  0.008935   0.03881        37       640     0.494    0.6991    0.5777    0.3583   0.02856   0.00824   0.03607
   106/199     1.82G   0.02037  0.009718  0.008013    0.0381        35       640    0.3918    0.5832    0.4671     0.301   0.03236  0.008969   0.02508
   107/199     1.82G   0.02082  0.009672  0.007829   0.03832        50       640    0.5312    0.7217    0.6539    0.4066   0.02825   0.00816   0.02022
   108/199     1.82G   0.02089  0.009534  0.008423   0.03884        31       640     0.468      0.76    0.6485    0.4052   0.02678  0.007495   0.02083
   109/199     1.82G   0.02025  0.009382  0.007428   0.03706        45       640    0.4731     0.743    0.6437    0.4131   0.02746  0.007644   0.01926
   110/199     1.82G   0.02049  0.009456  0.006978   0.03693        44       640    0.5596    0.7071    0.6692    0.4337   0.02591  0.007202    0.0232
   111/199     1.82G   0.02015  0.009361  0.007222   0.03674        44       640    0.5845    0.7272    0.6946    0.4374   0.02861  0.007735   0.02295
   112/199     1.82G   0.01965  0.009422  0.007742   0.03682        37       640    0.4883    0.7319    0.6591    0.4272   0.02727  0.007592   0.02386
   113/199     1.82G   0.01994  0.009357  0.007463   0.03676        43       640    0.5309    0.7903    0.7029    0.4477    0.0265  0.007172   0.01816
   114/199     1.82G   0.02048  0.009251   0.00677    0.0365        41       640    0.5032    0.7605    0.6641    0.4344   0.02747  0.007251   0.02253
   115/199     1.82G   0.01976   0.00927  0.006794   0.03582        38       640    0.5516    0.6795    0.6844    0.4543   0.02667  0.007569   0.02143
   116/199     1.82G   0.01976  0.009304  0.006791   0.03586        38       640    0.5529    0.7678    0.7194    0.4751   0.02633  0.007338   0.01721
   117/199     1.82G   0.02016  0.009414  0.006432   0.03601        34       640    0.5011     0.733    0.6792    0.4532   0.02753   0.00751   0.01885
   118/199     1.82G   0.01921  0.009237  0.006976   0.03542        44       640    0.5242    0.7796    0.6842    0.4694   0.02522  0.007324   0.01954
   119/199     1.82G   0.01957  0.009168  0.006718   0.03545        38       640    0.4619    0.7107    0.6473    0.4315   0.02691  0.007644   0.01864
   120/199     1.82G   0.01977   0.00912  0.006744   0.03563        43       640    0.5084     0.723    0.6829    0.4454   0.02735  0.007266   0.02014
   121/199     1.82G   0.01959  0.009156  0.006766   0.03551        38       640    0.5028    0.7096    0.6297     0.412   0.02788  0.007364   0.02244
   122/199     1.82G   0.01986  0.009337  0.007186   0.03639        29       640    0.5051    0.7595    0.6902    0.4589   0.02697  0.007622   0.02156
   123/199     1.82G   0.01906  0.008961  0.006277    0.0343        37       640    0.5268    0.7285    0.6736    0.4593   0.02739  0.007624    0.0184
   124/199     1.82G    0.0195  0.008979  0.005891   0.03437        33       640    0.5635    0.7849    0.6952    0.4307   0.02623  0.007387   0.02225
   125/199     1.82G   0.01943  0.009069  0.006603    0.0351        37       640    0.5553    0.7928    0.7054    0.4618   0.02671  0.007474   0.02022
   126/199     1.82G   0.01928  0.009015  0.006031   0.03433        38       640    0.5598     0.729     0.668    0.4525   0.02679  0.007407   0.02079
   127/199     1.82G   0.01898  0.009241  0.006509   0.03473        44       640    0.5302    0.7066    0.6254    0.4191    0.0276  0.007469   0.02089
   128/199     1.82G   0.01929   0.00927  0.005936   0.03449        40       640    0.5751    0.7446    0.7011    0.4539   0.02608  0.007413   0.02089
   129/199     1.82G   0.01894  0.009016  0.006064   0.03402        47       640    0.5028    0.7653     0.694    0.4428   0.02681  0.007284   0.02002
   130/199     1.82G   0.01915  0.009104  0.005998   0.03425        41       640    0.5137    0.7514    0.6619    0.4419   0.02646  0.007294   0.02206
   131/199     1.82G   0.01861  0.009192  0.006521   0.03432        33       640    0.5549    0.7406     0.657    0.4401   0.02707  0.007334   0.02159
   132/199     1.82G   0.01831  0.008958  0.005471   0.03274        34       640    0.5474    0.6984    0.6524    0.4292     0.027  0.007714   0.01955
   133/199     1.82G   0.01845  0.008746  0.005699   0.03289        40       640    0.5288    0.7366    0.6401    0.4182   0.02614  0.007202    0.0242
   134/199     1.82G   0.01875  0.008986   0.00577    0.0335        37       640    0.5569    0.7404    0.6818    0.4514   0.02602  0.007319   0.02657
   135/199     1.82G   0.01814  0.008753  0.006286   0.03318        41       640    0.4869    0.7244    0.6664    0.4399   0.02805  0.007547   0.01937
   136/199     1.82G   0.01879  0.008928  0.005916   0.03363        44       640    0.5065    0.7939    0.7228    0.4846   0.02541  0.007019    0.0191
   137/199     1.82G   0.01874  0.008976  0.005567   0.03328        41       640    0.5401    0.7696    0.7098    0.4554   0.02463  0.007276   0.02053
   138/199     1.82G   0.01832  0.008866  0.004968   0.03215        38       640    0.5591    0.7923     0.704    0.4609   0.02574  0.007298   0.02072
   139/199     1.82G   0.01799  0.008873  0.005663   0.03252        42       640    0.5822    0.8299    0.7434    0.4709   0.02595  0.007071   0.02007
   140/199     1.82G   0.01835  0.008837  0.005176   0.03237        41       640      0.58    0.7642    0.7294    0.4804   0.02663  0.007039    0.0203
   141/199     1.82G   0.01794  0.008735  0.004809   0.03149        36       640    0.5571    0.7234     0.686    0.4389   0.02985  0.007401   0.01978
   142/199     1.82G   0.01799   0.00872  0.005658   0.03237        49       640    0.6101    0.7785    0.7247    0.4691   0.02632  0.006924   0.02136
   143/199     1.82G   0.01745  0.008726  0.005235   0.03142        38       640    0.5675    0.7606    0.7229    0.4669   0.02627  0.007498   0.01784
   144/199     1.82G   0.01782  0.008828  0.005403   0.03205        47       640    0.5575    0.7606     0.713     0.469   0.02698  0.007426   0.01961
   145/199     1.82G   0.01773  0.008684  0.005167   0.03158        39       640    0.5671    0.7671    0.6969    0.4567   0.02518  0.007402   0.02025
   146/199     1.82G   0.01757  0.008512  0.005413   0.03149        35       640    0.5803    0.7833    0.7155    0.4554   0.02688  0.007309    0.0196
   147/199     1.82G   0.01736    0.0087  0.004919   0.03098        43       640     0.555     0.764    0.6963    0.4658   0.02743  0.007153   0.01999
   148/199     1.82G   0.01731   0.00843  0.004743   0.03049        43       640    0.6434    0.8023    0.7215    0.4666   0.02836  0.007129   0.01915
   149/199     1.82G   0.01722  0.008518  0.004403   0.03014        38       640    0.6079    0.7358    0.6933    0.4626   0.02722  0.007302   0.01873
   150/199     1.82G   0.01726  0.008469  0.004516   0.03025        41       640    0.5693    0.7205    0.7008    0.4582   0.02941  0.007375   0.02054
   151/199     1.82G    0.0172  0.008694  0.003985   0.02988        40       640    0.6125    0.7769     0.723    0.4702    0.0271  0.006966   0.02119
   152/199     1.82G   0.01678  0.008497  0.004315   0.02959        37       640     0.637    0.7907    0.7213    0.4678   0.02682  0.007064   0.01886
   153/199     1.82G   0.01668   0.00856  0.004595   0.02984        42       640    0.6196    0.7912    0.7308    0.4792    0.0268  0.006993   0.02034
   154/199     1.82G   0.01699  0.008191  0.004546   0.02973        47       640    0.6026    0.7685    0.7119    0.4688   0.02719  0.007358   0.02144
   155/199     1.82G   0.01725  0.008445  0.004449   0.03014        37       640    0.6236    0.7595    0.7108     0.452   0.02661  0.007111   0.02463
   156/199     1.82G   0.01683  0.008423  0.004372   0.02963        38       640    0.5815    0.7711    0.7118    0.4672   0.02662  0.007083   0.02272
   157/199     1.82G   0.01686  0.008395  0.004316   0.02957        33       640    0.5889    0.7775     0.721    0.4682   0.02668  0.007221     0.021
   158/199     1.82G   0.01643  0.008394  0.003939   0.02876        43       640    0.5882    0.8188     0.761    0.4941   0.02652  0.007223   0.01966
   159/199     1.82G   0.01648  0.008369  0.003894   0.02874        43       640    0.6257    0.7783    0.7337    0.4833   0.02715  0.007057   0.01934
   160/199     1.82G    0.0165  0.008181   0.00408   0.02876        32       640    0.6414     0.774    0.7183    0.4856   0.02586  0.007157   0.01926
   161/199     1.82G   0.01687  0.008431  0.004304   0.02961        41       640    0.6217    0.7282    0.7147    0.4702   0.02599  0.007073   0.02412
   162/199     1.82G   0.01625  0.008301  0.003714   0.02826        34       640     0.627    0.7377    0.7045    0.4676   0.02697  0.007358   0.02338
   163/199     1.82G    0.0165  0.008237  0.004041   0.02878        36       640     0.581    0.7114    0.6914    0.4727   0.02642  0.007042   0.02501
   164/199     1.82G     0.016  0.008163  0.004031    0.0282        43       640    0.6168     0.738    0.7225    0.4847    0.0266  0.007052   0.02459
   165/199     1.82G   0.01608  0.007953  0.004096   0.02813        41       640    0.5397    0.7324    0.6995    0.4758   0.02727  0.007155   0.02221
   166/199     1.82G   0.01639    0.0084  0.003976   0.02877        34       640      0.56    0.7409       0.7    0.4768    0.0268   0.00733   0.02278
   167/199     1.82G   0.01588  0.008097  0.003578   0.02755        42       640    0.5869     0.752    0.7066    0.4779   0.02633  0.007252   0.02154
   168/199     1.82G   0.01607  0.008156  0.003734   0.02796        40       640    0.6258    0.7732    0.7358    0.4952   0.02607  0.007283   0.02212
   169/199     1.82G   0.01637  0.008368  0.003975   0.02871        43       640     0.604    0.7546     0.731    0.4937   0.02622  0.007382   0.02215
   170/199     1.82G   0.01624  0.008202  0.003789   0.02824        39       640     0.605    0.7852    0.7251    0.4828   0.02671  0.007265   0.02216
   171/199     1.82G   0.01646  0.008229  0.003859   0.02855        40       640    0.6087     0.762    0.7046    0.4785   0.02631  0.007424   0.02233
   172/199     1.82G   0.01606   0.00796  0.003685    0.0277        38       640    0.5737    0.7228    0.6838    0.4606   0.02687  0.007492   0.02255
   173/199     1.82G   0.01593  0.008175  0.003332   0.02743        45       640    0.5765    0.7372    0.7113    0.4821   0.02617  0.007472     0.021
   174/199     1.82G   0.01655  0.008026  0.003871   0.02844        39       640    0.6095    0.7239    0.7047    0.4638   0.02672  0.007644   0.02122
   175/199     1.82G   0.01585  0.008034  0.003627   0.02751        46       640    0.6215    0.7507     0.737    0.4805   0.02593  0.007559   0.02069
   176/199     1.82G   0.01582  0.008096  0.003714   0.02763        37       640    0.6046    0.7446    0.7167    0.4819   0.02624  0.007238   0.02136
   177/199     1.82G   0.01596  0.008287  0.003625   0.02787        36       640     0.641    0.7318    0.6984    0.4667   0.02571  0.007467   0.02317
   178/199     1.82G   0.01592  0.007899  0.003719   0.02753        35       640    0.6159    0.7363    0.7065    0.4684   0.02557   0.00758   0.02243
   179/199     1.82G   0.01556  0.007921  0.003868   0.02735        32       640    0.5872     0.725    0.6686    0.4429   0.02556  0.007402   0.02301
   180/199     1.82G   0.01579  0.008088  0.003762   0.02764        43       640    0.6006    0.7424    0.6737    0.4405   0.02594  0.007556   0.02363
   181/199     1.82G   0.01577  0.008014  0.003552   0.02734        34       640     0.558    0.7343    0.6737     0.448   0.02595  0.007766    0.0227
   182/199     1.82G   0.01575  0.007899   0.00335     0.027        35       640    0.5858    0.7663    0.7125    0.4849   0.02679   0.00762   0.02025
   183/199     1.82G   0.01574  0.007843  0.003866   0.02745        39       640    0.5711    0.7405    0.6919    0.4703   0.02629  0.007629   0.02288
   184/199     1.82G   0.01579  0.008076  0.003752   0.02762        35       640    0.5803    0.7593    0.6943     0.461   0.02584  0.007454   0.02237
   185/199     1.82G   0.01541  0.008131  0.003648   0.02719        41       640    0.5822    0.7303    0.6908    0.4582   0.02609  0.007628   0.02149
   186/199     1.82G   0.01567  0.007904   0.00369   0.02726        43       640    0.5687    0.7176    0.6928    0.4683   0.02659  0.007494   0.02199
   187/199     1.82G     0.016  0.008081  0.003659   0.02775        37       640     0.579    0.7298    0.7008    0.4622   0.02621  0.007449   0.02163
   188/199     1.82G   0.01566  0.008086  0.003506   0.02725        35       640    0.6391    0.7563    0.7245    0.4769   0.02601  0.007338   0.02045
   189/199     1.82G   0.01567  0.007899  0.003099   0.02667        41       640    0.5886    0.7338    0.6888    0.4651    0.0259  0.007518   0.02149
   190/199     1.82G   0.01548  0.007841     0.004   0.02732        41       640      0.56    0.7155    0.6695     0.449   0.02575  0.007504   0.02317
   191/199     1.82G    0.0149  0.007763  0.003175   0.02584        38       640    0.5967    0.7076    0.6949    0.4723   0.02661  0.007537   0.02194
   192/199     1.82G   0.01537  0.007858   0.00288   0.02611        38       640    0.5933    0.7691    0.7128     0.484   0.02707  0.007569   0.02012
   193/199     1.82G   0.01522  0.007843  0.003098   0.02616        34       640    0.6133    0.7631     0.723     0.487   0.02698  0.007598   0.02027
   194/199     1.82G   0.01534  0.008106  0.002757    0.0262        36       640    0.6416    0.7674    0.7143    0.4905    0.0262  0.007644   0.02106
   195/199     1.82G   0.01543  0.007937  0.003303   0.02667        37       640    0.6273     0.768    0.7099     0.483   0.02651  0.007557   0.02284
   196/199     1.82G   0.01544  0.007616  0.003354   0.02641        40       640    0.6188    0.7685    0.7066    0.4826   0.02603  0.007619   0.02148
   197/199     1.82G   0.01502  0.007601  0.003076   0.02569        31       640     0.616    0.7611    0.7249    0.4856   0.02565  0.007393   0.02219
   198/199     1.82G   0.01552  0.008096  0.003589   0.02721        36       640    0.6131    0.7696    0.7334    0.4939   0.02535  0.007479   0.02204
   199/199     1.82G   0.01522   0.00793    0.0037   0.02685        47       640    0.6031    0.7594    0.7295    0.4988   0.02526  0.007525   0.02123
